.582 .222 .000 .000 .052 .144
.537 .223 .000 .000 .105 .136
.478 .197 .000 .000 .111 .215
.421 .244 .049 .037 .116 .134
.236 .210 .090 .064 .124 .276
.277 .161 .088 .073 .155 .246
.202 .217 .016 .047 .298 .221
.282 .133 .070 .095 .215 .206
.214 .194 .000 .000 .233 .359
.210 .135 .043 .067 .231 .313
.192 .127 .098 .080 .210 .293
.209 .108 .108 .108 .264 .203
.171 .131 .098 .080 .225 .295
.172 .102 .115 .093 .217 .301
.137 .123 .094 .075 .175 .396
.113 .102 .065 .073 .295 .353
.113 .097 .218 .113 .218 .242
.051 .154 .235 .151 .165 .243
.056 .111 .287 .123 .216 .207
.069 .045 .208 .106 .200 .371
.047 .062 .141 .109 .312 .328
.021 .087 .225 .117 .208 .342
.006 .086 .299 .161 .109 .339
.031 .031 .307 .142 .165 .323
.000 .038 .329 .135 .236 .262
.000 .028 .294 .196 .229 .252
.000 .019 .293 .140 .219 .329
.000 .018 .248 .119 .298 .316
.000 .000 .014 .095 .284 .608
.529 .225 .000 .000 .044 .202
.053 .061 .432 .152 .152 .152
.004 .064 .347 .093 .191 .301
.094 .101 .081 .107 .289 .328
.294 .235 .020 .040 .050 .361
.278 .287 .000 .037 .194 .204
.254 .127 .111 .052 .212 .244
.069 .138 .172 .069 .190 .362
.340 .206 .077 .052 .012 .313
.053 .082 .210 .110 .210 .335
.139 .115 .139 .096 .214 .297
.058 .104 .170 .116 .240 .312
.188 .142 .140 .096 .172 .262
.150 .147 .041 .068 .235 .359
.020 .020 .020 .020 .020 .900
.020 .020 .020 .020 .020 .900
.020 .020 .020 .020 .020 .900
.020 .020 .020 .020 .020 .900
.020 .020 .020 .020 .020 .900
